0 35054
1 120856
129 1
2 101679
3 62406
4 35234
5 18795
6 9501
7 5451
8 3279
9 1939
10 1220
11 985
12 858
13 966
14 1478
15 2144
16 2347
17 2674
18 4924
19 14609
20 8785
21 3791
22 420
23 204
24 115
25 116
26 159
27 180
28 218
29 137
30 175
31 111
32 87
33 72
34 75
35 44
36 40
37 39
38 37
39 39
40 45
41 45
42 33
43 50
44 67
45 49
46 47
47 20
48 22
49 29
50 18
51 18
52 9
53 16
54 26
55 11
56 3
57 4
58 4
59 2
60 5
61 4
62 7
63 3
64 6
65 3
66 1
67 4
68 4
69 2
70 1
72 1
73 3
75 2
76 1
78 1
81 1
82 1
92 1
94 1
97 1
105 1
116 1
122 1
123 2
